5.11 3.49 1.42 0.26
5.05 3.09 1.37 0.22
4.67 3.05 1.37 0.21
4.36 2.89 1.54 0.19 setosa
5.06 3.63 1.4 0.21 setosa
5.45 3.96 1.68 0.46
4.71 3.35 1.38 0.22
4.95 3.34 1.52 0.19
4.44 2.94 1.42 0.2
4.92 3.17 1.48 0.16
5.37 3.57 1.52 0.23
4.76 3.49 1.68 0.18
4.83 3.09 1.42 0.1
4.38 3.16 1.14 0.14
5.77 4.07 1.26 0.23
5.43 4.21 1.32 0.37
5.4 3.77 1.26 0.36 setosa
5.09 3.56 1.34 0.25
5.5 3.61 1.51 0.24
4.99 3.82 1.51 0.3
5.4 3.51 1.71 0.22 setosa
4.92 3.7 1.53 0.37
4.64 3.61 0.96 0.21
5.04 3.37 1.7 0.51
4.7 3.36 1.91 0.18
4.91 2.93 1.67 0.21
4.95 3.39 1.59 0.39
5.18 3.39 1.5 0.19
5.33 3.54 1.38 0.21
4.87 3.34 1.6 0.23
4.75 3.06 1.65 0.21 setosa
5.43 3.56 1.5 0.44
5.16 3.97 1.53 0.14
5.64 4.41 1.45 0.16
4.88 2.94 1.57 0.21
4.95 3.26 1.17 0.17
5.48 3.41 1.38 0.19
4.95 3.53 1.41 0.06
4.33 2.79 1.23 0.18
4.97 3.21 1.46 0.2
5.16 3.62 1.41 0.35
4.57 2.41 1.28 0.27
4.38 3.24 1.22 0.22
4.99 3.54 1.65 0.67
5.13 3.79 1.92 0.39
4.74 3.0 1.37 0.3
5.17 3.88 1.63 0.21
4.45 3.13 1.4 0.26
5.34 3.72 1.47 0.16
5.06 3.22 1.39 0.24
5.77 4.17 1.66 0.29
5.46 4.25 1.83 0.42
4.55 3.9 0.93 -0.05
5.39 3.47 1.25 0.79
4.5 2.76 1.24 -0.13
5.84 3.95 2.08 0.19
4.94 2.4 0.39 -0.08
5.09 3.95 1.76 -0.12
4.9 2.52 2.42 0.21
5.41 4.77 0.71 0.21
5.28 4.38 2.2 0.53
5.46 3.36 1.88 -0.06
4.76 3.15 2.2 0.13
5.18 4.34 0.81 0.51
4.3 2.8 1.39 0.15
4.73 2.81 2.23 0.44
4.28 3.22 1.58 -0.12
4.95 4.3 1.24 0.49
5.09 3.6 1.07 0.07
4.25 3.26 1.41 -0.01
5.77 2.87 1.18 0.36
5.89 3.43 1.3 0.18
5.96 3.94 1.67 0.26
4.37 2.86 1.71 0.14
5.89 4.6 1.59 0.08
5.7 3.72 1.4 0.7
6.94 4.89 1.91 0.2
4.6 2.7 1.47 0.18
4.62 3.16 0.94 0.42
4.98 3.73 1.81 0.63
4.07 2.28 0.76 -0.2
3.99 2.01 1.22 0.12
4.91 3.67 1.45 -0.16
5.05 3.92 1.16 0.21
4.2 2.8 1.32 0.03
5.87 4.02 1.43 0.17
5.26 2.86 1.37 0.22
5.99 3.41 1.99 0.84
3.73 1.25 1.02 0.08
4.99 2.83 0.98 0.47
4.59 3.68 1.56 0.08
4.93 3.96 0.99 -0.04
4.95 3.24 1.06 0.12
5.05 3.97 1.25 0.04
4.0 1.72 1.57 0.14
5.64 4.56 1.41 0.08
3.88 2.27 1.29 0.18
6.83 5.46 1.22 0.45
4.96 4.99 1.74 0.57
5.77 4.23 0.74 0.38
4.07 3.35 1.16 0.06
5.37 2.73 1.43 0.16
5.88 4.86 1.51 0.05
3.86 2.98 1.64 0.35
4.11 3.14 0.54 0.37
4.9 2.74 1.58 -0.13
5.05 2.98 1.21 0.01
5.71 4.39 1.34 0.35
3.42 1.78 0.81 -0.3
4.67 2.95 1.53 0.38
3.95 2.65 1.41 0.12
6.31 5.14 1.29 0.29
5.61 2.84 1.98 0.61
5.01 3.94 1.8 0.51
5.17 2.62 1.56 -0.1
7.05 5.41 1.86 0.39
4.9 3.58 1.4 0.46
6.17 5.21 1.27 0.18
4.68 2.68 1.06 0.16
4.95 3.76 1.23 0.3
5.16 3.88 2.61 0.24
3.43 2.5 0.54 0.25
6.24 5.45 1.46 0.04
3.1 1.63 1.0 -0.07
5.46 3.57 1.16 0.48
5.04 3.43 1.52 0.12
5.04 4.58 1.37 -0.04
5.64 3.28 1.94 0.53
5.04 4.35 1.24 0.01
3.81 3.01 1.01 0.04
5.85 3.58 1.6 0.19
4.79 3.58 1.71 0.57
5.08 3.17 1.83 0.22
4.51 2.73 2.08 0.57
4.06 2.17 1.54 0.12
4.99 3.53 1.82 0.19
7.56 6.5 2.35 0.75
3.96 3.31 0.74 -0.25
6.42 4.01 1.44 0.41
6.51 4.13 1.89 0.58
6.14 3.96 1.35 0.1
5.75 4.14 1.16 0.45
5.82 4.08 1.65 0.51
4.63 3.75 2.53 0.72
4.85 3.45 1.26 -0.3
3.48 2.42 1.02 0.34
4.6 3.14 1.33 -0.13
5.06 3.9 1.67 -0.13
5.81 4.49 1.57 0.38
5.56 4.49 1.71 0.34
6.07 3.24 5.73 2.36
5.75 2.82 5.08 1.84
7.14 2.92 5.98 2.07
6.19 2.77 5.28 1.78
6.66 2.96 5.8 2.11
7.42 2.94 6.54 2.11
4.87 2.56 4.5 1.72
7.06 2.9 6.36 1.8
7.02 2.58 6.18 1.8
7.17 3.68 6.13 2.4
6.6 3.35 5.19 2.01
6.3 2.84 5.17 1.83
6.93 2.91 5.6 2.02
5.73 2.4 5.04 2.0
5.94 2.8 5.35 2.44
6.32 3.32 5.33 2.36
6.9 3.08 5.81 1.56
7.45 3.8 6.53 2.17
7.83 2.64 6.94 2.38
6.06 2.19 5.07 1.5
7.24 3.33 6.05 2.27
5.68 2.75 4.91 1.93
7.45 2.83 6.6 1.95
6.41 2.63 5.07 1.73
6.77 3.41 5.64 2.14
7.17 3.21 5.99 1.79
6.21 2.87 4.95 1.85
6.0 2.89 4.96 1.79
6.68 2.9 5.89 2.19 virginica
6.94 2.97 5.61 1.57
7.65 2.96 6.11 1.95
8.03 3.71 6.45 1.96
6.54 2.86 5.86 2.18
6.03 2.82 4.99 1.62
6.37 2.63 5.71 1.34 virginica
7.86 2.85 6.04 2.23
6.24 3.29 5.41 2.26
6.15 3.07 5.34 1.88
6.07 2.88 5.03 1.79
6.78 3.04 5.24 1.99
6.2 2.85 5.18 2.2
6.67 3.02 4.86 2.19
5.83 2.58 5.14 1.83
6.62 3.11 5.78 2.3
6.81 3.42 5.78 2.58
6.75 2.96 5.2 2.21
6.23 2.6 4.99 1.96
6.53 2.97 5.17 1.98
6.41 3.34 5.61 2.23
5.6 3.01 4.87 1.84
4.57 1.56 3.87 1.83
7.53 4.32 6.47 2.09
7.43 3.34 6.77 2.61
5.82 2.31 5.29 0.79
4.72 1.69 4.32 1.42
7.75 4.18 6.63 2.88 virginica
4.7 3.49 2.93 2.87
5.84 2.38 4.88 2.25
6.47 3.43 5.58 2.63
4.22 1.83 3.75 1.95
9.46 4.02 7.93 2.71
5.78 2.54 4.72 1.86
6.46 3.27 6.12 2.63 virginica
7.77 3.91 6.56 2.23
7.28 3.24 6.57 3.24
6.03 3.84 5.15 2.36
7.41 4.24 6.06 3.06 virginica
8.16 3.29 6.63 1.75
5.01 1.95 4.7 1.89
5.67 1.63 4.37 1.41
5.53 2.33 4.84 1.62
6.46 3.37 4.17 1.93
5.95 2.69 5.36 2.5
8.08 3.39 6.13 1.8
6.97 3.53 6.08 2.42
8.15 3.59 7.55 2.31
8.26 2.85 6.64 1.95
4.08 2.68 4.25 2.08
6.75 2.7 6.23 1.23
6.47 2.25 4.15 1.21
5.29 2.44 5.57 2.1
7.28 4.12 4.61 3.25
9.14 3.47 6.91 2.23
8.77 3.48 6.51 2.47
8.13 2.77 6.99 2.34
6.56 3.37 5.15 1.1
5.55 1.62 4.77 0.73
7.3 2.45 6.62 1.53
8.04 4.17 6.94 2.24
9.15 2.79 7.72 2.15
5.92 1.83 5.55 2.18
3.95 1.84 3.72 0.85
5.51 1.78 4.46 1.3
4.88 3.27 4.14 2.36
5.56 2.41 5.11 2.01
6.71 3.07 4.73 1.32
9.75 3.01 7.41 2.28
4.91 2.38 5.16 1.96
5.51 2.55 4.99 1.35 virginica
5.54 3.25 5.99 1.91
8.99 4.03 6.68 2.47
6.54 2.3 4.7 2.35
4.13 1.99 2.06 1.57
8.11 2.7 8.15 2.22
6.94 2.81 5.72 2.57
7.1 3.2 5.83 2.05
8.98 2.87 7.67 1.34
5.87 2.33 5.28 1.94
7.89 3.55 6.78 2.45 virginica
6.71 3.01 5.1 1.96
4.85 3.06 4.51 1.63
5.24 3.04 4.98 0.73
7.05 3.36 6.42 1.89
7.99 3.32 7.0 1.9
5.6 3.22 4.2 1.17
8.82 3.47 6.41 1.19 virginica
7.5 3.52 6.64 2.06
5.26 3.37 5.7 2.29
3.26 1.78 3.64 2.56
4.62 3.78 4.86 2.63
8.23 3.53 8.02 2.93
7.72 3.27 6.27 2.65
5.92 2.77 4.27 2.35
5.82 2.09 5.71 1.76
9.04 3.49 6.84 2.47
4.9 2.42 4.18 2.09
5.41 2.57 5.3 1.97
4.93 1.95 4.8 2.13
5.26 3.26 3.95 2.83
6.68 2.36 5.12 2.11
6.84 4.05 5.14 2.21
7.78 4.22 6.5 3.25
6.43 3.28 4.78 1.73
8.21 3.59 6.67 1.99
8.34 3.45 6.16 2.39
3.68 2.41 4.21 2.29
6.36 3.2 5.66 1.61
7.04 2.68 6.14 2.44
5.38 2.46 4.05 1.14
5.91 2.21 5.55 1.12
5.93 2.79 4.6 1.62
6.38 3.32 5.04 1.89
7.35 3.69 6.22 2.26
5.6 3.27 4.4 1.43
6.07 4.2 5.47 3.28
5.8 2.03 5.89 2.29
6.43 3.06 5.89 3.02
5.76 3.11 4.43 1.62
7.62 3.01 7.1 1.5
7.62 4.16 5.53 3.12